%YAML:1.0
---
camera_matrix: !!opencv-matrix
   rows: 3
   cols: 3
   dt: d
   data: [1410.8453, 0.000000, 960.0000,
            0.0000, 1411.2920, 600.0000,
            0.0     ,    0.0     ,    1.0     ]
dist_coeffs: !!opencv-matrix
   rows: 1
   cols: 5
   dt: d
   data: [
            -0.082353, 0.149798, 0.000782, -0.000546, -0.055236
        ]
