%YAML:1.0
---
world_rvec: !!opencv-matrix
   rows: 3
   cols: 1
   dt: d
   data: [ 1.4074922726395451e+00, -1.3839223079428162e+00,
       1.1692629684918443e+00 ]
world_tvec: !!opencv-matrix
   rows: 3
   cols: 1
   dt: d
   data: [ -8.7941011305889365e+00, 3.0270665395128278e+00,
       9.9649820331446648e-01 ]
