%YAML:1.0
---
world_rvec: !!opencv-matrix
   rows: 3
   cols: 1
   dt: d
   data: [ 1.5035476712815461e+00, -1.2744990924668407e+00,
       9.7233153412334739e-01 ]
world_tvec: !!opencv-matrix
   rows: 3
   cols: 1
   dt: d
   data: [ -1.0022378281689912e+01, 2.8183209081728440e+00,
       3.4242512997369019e+00 ]
