%YAML:1.0
---
world_rvec: !!opencv-matrix
   rows: 3
   cols: 1
   dt: d
   data: [ 1.5025988864425910e+00, -1.2756118329565533e+00,
       9.7016287204315277e-01 ]
world_tvec: !!opencv-matrix
   rows: 3
   cols: 1
   dt: d
   data: [ -1.0022599110639401e+01, 2.8431487272691980e+00,
       3.4336583822158797e+00 ]
